## ListNet
## Epochs = 1500
## No. of features = 46
1 2 3 4 5 6 7 8 9 10 11 12 13 14 15 16 17 18 19 20 21 22 23 24 25 26 27 28 29 30 31 32 33 34 35 36 37 38 39 40 41 42 43 44 45 46
0
0 0 0.08577449602781445
0 1 0.09148653106538056
0 2 0.08300892191458052
0 3 -0.06358582438906887
0 4 0.03651926923046014
0 5 0.06483970582485199
0 6 -0.09004593640565872
0 7 -0.06126013398170471
0 8 -0.09554396569728851
0 9 -0.09626329690217972
0 10 -0.04337722520166459
0 11 0.03613270761752741
0 12 0.07704657908491236
0 13 0.07121728619282382
0 14 -0.035768595070496685
0 15 0.04782111742046882
0 16 0.1140328747160781
0 17 -0.00825298770053625
0 18 -0.12769823427037524
0 19 0.04125006665623353
0 20 0.2054030686115691
0 21 0.1484762491185418
0 22 0.05991467007696455
0 23 0.2132393622307928
0 24 0.06008711982209891
0 25 -0.036366931504100995
0 26 -0.03303272722900736
0 27 0.1365547962203624
0 28 -0.006019966450878053
0 29 0.00873507872154399
0 30 0.1036192967567196
0 31 0.025676969012305942
0 32 -0.04512292448939055
0 33 -0.044676883009966126
0 34 -0.0016242832953223723
0 35 0.03178405362153477
0 36 0.0688327086471558
0 37 0.13436767660058696
0 38 0.18195705080172123
0 39 0.05289534548481802
0 40 0.04088525095618993
0 41 -0.00633562229430961
0 42 -0.0447978600859642
0 43 0.025824235158271158
0 44 0.07966310708282884
0 45 0.09388034231938121
0 46 0.09629501402378082
