## RankNet
## Epochs = 100
## No. of features = 46
## No. of hidden layers = 1
## Layer 1: 10 neurons
1 2 3 4 5 6 7 8 9 10 11 12 13 14 15 16 17 18 19 20 21 22 23 24 25 26 27 28 29 30 31 32 33 34 35 36 37 38 39 40 41 42 43 44 45 46
1
10
0 0 -0.12982452578648457 -0.019492559775073536 -0.0022066163720857617 0.05172876217466349 -0.10348586965045474 0.015031612863297563 -0.008357682504172733 -0.012996293683838634 0.03725869391737937 -0.014953206777638017
0 1 -0.17714905891323787 -0.08555473430667565 -0.11030160643104825 0.09184734498268778 -0.12927501416706558 -0.022213886718132965 -0.12611448495800825 -0.044090148104981394 0.014427022622822732 -0.22192384747635202
0 2 -0.07790767920816578 -0.04117412331879173 -0.13717167458155508 0.09192889227203067 -0.17142388009506254 -0.12086339092840362 -0.14533173491020632 -0.017091091666613552 0.15129117197613126 -0.25111700825537503
0 3 -0.09767129412206742 0.0909905437829403 -0.046491496813947354 -0.07800328586638369 0.018141530703728554 -0.09430756171279091 0.03895179757156202 0.05757865386010463 -0.05618658452065524 -0.02031168110104672
0 4 -0.10323436122612649 0.019827213607635615 -0.0014908081508522518 0.06416169225225098 -0.0238208658379846 -0.020003506080314003 -0.04207460198329136 0.009176149916098815 -0.013181622494637502 -0.00816776104143048
0 5 0.020106155425310135 -0.08261813968420029 -0.06331408023834229 0.049813371151685715 0.007611298467963934 -0.03537870571017265 -0.03468317911028862 0.034959930926561356 -0.0668131560087204 -0.026301145553588867
0 6 0.055220894515514374 0.005897253751754761 0.07916516065597534 0.010514969006180763 0.09140579402446747 0.032382361590862274 -0.0121674295514822 -0.0887012779712677 -0.06552235782146454 -0.08482854813337326
0 7 0.06491060554981232 0.025082498788833618 0.09195629507303238 -0.005055648274719715 0.011245894245803356 0.03925975412130356 0.017544537782669067 -0.08291460573673248 -0.09809158742427826 -0.03704988211393356
0 8 0.09600022435188293 0.042463820427656174 -0.09906250238418579 -0.07643111050128937 0.026920903474092484 0.04264404624700546 0.006908917333930731 -0.061288487166166306 0.08100175857543945 -0.014293396845459938
0 9 -0.07217805087566376 -0.017856985330581665 -0.014813834801316261 -0.08786331117153168 0.06006134673953056 0.036592595279216766 -0.05087054520845413 -0.014341038651764393 -0.002567040966823697 -0.05565834045410156
0 10 -0.1277947658828451 -0.08357504816123752 -0.14834040548391564 0.03097435806460497 -0.1118940548949405 6.99194409431426E-4 0.023819449543971638 -0.06666237159728156 -0.015503927578043957 -0.18367214863078402
0 11 -0.013323972887625062 0.029057219366130812 -0.13093367137092288 0.16718285627795978 -0.17081560190419373 -0.07050986260214658 -0.1354482494838926 0.02906241869711487 0.17435401600236575 -0.15367360932279345
0 12 -0.22170299080489553 -0.1824073723861367 -0.28544879070951823 0.24231081316561146 -0.10376018614825493 -0.00297665399543669 -0.022848320124832983 -0.03737912861247969 0.15467441242449512 -0.31881796955616853
0 13 0.07125142456578734 0.08142030771036389 -0.05750386560365287 -0.004278180929493887 -0.0269105933644954 0.06281349913938394 -0.02558455174527993 0.025522017537316477 0.10261817396839887 -0.03239543505703736
0 14 -0.06241448572971832 -0.04457739459661874 -0.1757448611547302 0.04933541548018264 -0.007010048877410763 0.012387566120091313 -0.05559931881864536 0.058681559596549186 0.14683677258514571 -0.1628841517609395
0 15 -0.09441887077578569 0.006862979144271153 -0.041887929158822404 0.0945109895822998 -0.044634452246142924 -0.07678793475434577 0.06431060820208909 0.06428980418554811 -0.009731648425571466 -0.13814949830298
0 16 -0.10224085877867684 -0.07368892519343068 -0.09918312478601013 0.03758557244835726 0.009533967570702259 0.05338287977127021 -0.02787011033031771 -0.002947884056878489 -0.009598137348131742 -0.06901544583464204
0 17 0.08637039864196586 -0.05205246252973338 0.04528505882818537 -0.12790579856328319 0.1110561681046091 -0.06817916237861495 0.040473164640997525 -0.09069203953609835 0.018679347291360685 0.10818245088071349
0 18 0.1947078741173487 0.05189809681499556 0.21307301001324208 -0.10732640960468492 0.06258079092292937 0.005899161094101576 0.010236471365690536 -0.06587508621920012 -0.20943360417932355 0.12700846809543073
0 19 -0.08162031166412759 -0.04503393408552281 -0.07989732791012735 0.09615140477169842 -0.02824611583817075 0.03781194608405581 0.05365869913054804 0.07546414791722023 -0.022366671995288072 -0.07780902314303376
0 20 -0.38377096176259845 -0.2852245816505326 -0.4590995436981431 0.3854299714826651 -0.25876382985477026 -0.14466304771732477 -0.10860232896546596 0.07865812659173171 0.2846933566061225 -0.5363922461493527
0 21 -0.3957480010235085 -0.1549293259537979 -0.4474322715545552 0.41863503621416515 -0.3727935951579675 -0.018570138308143018 -0.26354666326154963 0.16490366798391184 0.2853754222938505 -0.5451411875784598
0 22 -0.31722923931848634 -0.33080300676822644 -0.4240464623005402 0.3618386421026421 -0.33000262772618666 -0.15045593116443687 -0.15545767833802496 0.22731594940551567 0.4479315725653766 -0.6204550380183681
0 23 -0.4011612834864842 -0.18688491125600318 -0.3378848344359505 0.4283189125292121 -0.29370569731173674 -0.02188661364977571 -0.2936958469878533 0.18990111131796977 0.26857780303552686 -0.4594168271426603
0 24 -0.17163638898191713 -0.1476335689849183 -0.17016270334284678 0.05191903869869196 -0.219622240400338 0.0450299489362711 -0.144427869320086 0.042326590660361714 0.13168337860713114 -0.09972008179355864
0 25 -0.19150170302254493 -0.03647780153887842 -0.2453288893129391 0.2096717406494813 -0.1888842030647511 -0.035519842319237216 -0.14839395866546973 0.05359950698100103 0.05751013948289055 -0.1587417653369612
0 26 -0.16957109936294285 -0.038574795371642615 -0.23790667662208784 0.14212266436566187 -0.06697213326653637 -0.13157728703454585 -0.11489418757274544 -0.017466554661517177 0.12958280349270893 -0.08535786565441876
0 27 -0.17839264971985203 -0.09159761804645739 -0.17883189826340906 0.22989771528975952 -0.16507199938362704 0.019681007308212692 -0.03398514519155932 0.04351433724243376 0.13628593493125882 -0.09726007994495198
0 28 -0.09291333541265223 0.008425964453751622 -0.23581941513780866 0.15828619771162963 -0.21100192311460297 -0.026188414453087578 -0.08399901924316763 0.09174954840842571 0.10220556979494272 -0.22488802372143668
0 29 -0.1401078988064218 -0.11269679461043189 -0.1879869503981412 0.25677723350423404 -0.10790658882400375 -0.06254280668464335 -0.021330483745494 -0.027849023784130688 0.07059340444273182 -0.219319575130329
0 30 -0.1221962629705135 -0.04609296966348103 -0.11906518422895333 0.16645703385361318 -0.08679982856095941 0.015093810662812826 -0.17152456468178348 -0.01749410595362706 0.17780440494925404 -0.20036049710665704
0 31 -0.19977296052859134 -0.1600040772460243 -0.26634210568337024 0.12875390481146315 -0.17870159493412005 -0.04677035169856524 -0.09612544515030393 -0.04355676836684556 0.19580242452889357 -0.30922614593688136
0 32 -0.13559018872864947 -0.1231468465887969 -0.11224241335824503 0.04652284865126397 -0.13036781797170974 -0.1156364743589304 0.013352180545838574 0.04024092240581323 -0.006716472340505255 -0.06128426973953122
0 33 -0.01339082829846575 0.023427563355357894 -0.050767450308023127 0.09706219195883843 0.00572001549078119 0.012869552987231997 -0.0345909253206182 0.044134617212524783 -0.033399852803374354 -0.009807180233463109
0 34 -0.06922131676378766 -0.11308126824140854 -0.09327890300131826 0.06040173839465903 -0.030932252645051485 -0.12119075101372638 -0.09130735284757144 0.10070291353663167 0.11569980455245107 -0.18333198792675215
0 35 -0.027107491529812795 -0.11435689299084958 -0.050305680803108176 0.06504848338931078 -0.11418605768026252 0.023422725318474422 -0.1280899172125429 -0.034242157182560566 -0.019146354877792045 -0.009076660313164222
0 36 -0.3567149182882094 -0.27556928796941005 -0.29120359127411766 0.32652210793625946 -0.3219990048085015 -0.10385752912614994 -0.26077476181332526 0.19816623226796928 0.3685696612751861 -0.4692202207083925
0 37 -0.31769878824697717 -0.20511546387638077 -0.3895186104496627 0.39041030952609046 -0.2963606153823496 -0.20248551999113315 -0.18056322530742913 0.07469341982596041 0.3737234037527925 -0.4439596170822423
0 38 -0.4057108583205435 -0.16701238948687114 -0.42811764789939677 0.3804410603687167 -0.4783499205477276 -0.08718315549024988 -0.15171681201600057 0.13915228117059442 0.3074975674252602 -0.5087003584768228
0 39 -0.28367079592005934 -0.258680303516451 -0.5251735145412102 0.26250530107644526 -0.38819975402328694 -0.06581482146921146 -0.27096678910530897 0.10540127200859525 0.2539561202618973 -0.581819267296544
0 40 0.08526298377494665 0.07436333173271613 0.19847444468174377 -0.03856522050469659 -4.588374833703861E-4 -0.025886268982090118 -0.04556384197882833 -0.08855275782001544 -0.008628101713393236 0.16077440795099204
0 41 0.1837867768923208 0.1292424768546734 0.19937890305094053 -0.08815734840889634 0.08141927283727733 -0.04641692375571652 0.10248644267272179 -0.011157319507705531 -0.03495482475427355 0.04186640687484892
0 42 -0.05580466240644455 0.01662602461874485 -0.030305951833724976 0.08918920904397964 0.041115887463092804 -0.04811333864927292 -0.02396070398390293 0.013547134585678577 0.003352814819663763 -0.07597387582063675
0 43 0.016822462781965208 -0.08456004835238741 0.03008352186026569 0.08755918813723854 0.04104976577554934 -6.048756819398399E-4 0.06459511741806508 0.08063802513059443 -0.03402599630723968 -0.08303472324505486
0 44 -0.09907961209760739 -0.0344066697021544 -0.08304691997069749 -0.06583353647390008 -0.04480721831716711 0.0806767741182283 0.03676894565668211 0.03743613279850564 0.06827398058851325 0.03389280608098287
0 45 0.03413010217029553 -0.0341077321344438 -0.09028329471740988 -0.06500462236789349 0.019542201475643815 0.03457613857878568 0.029925908628757384 0.005481478604566269 0.041305590916110496 -0.0410799473706122
0 46 0.09581103195620726 0.09350824407290187 0.08374135635043523 -0.08155841822160435 -0.028593770936492024 -0.03617970240650485 0.08403999643685581 -0.06348150822572238 0.005009922045570152 0.009429209771101434 -0.2514533498950885
1 0 -1.0635652167502851
1 1 -0.7461729050632847
1 2 -1.1790035215268777
1 3 1.0053529938750825
1 4 -0.973997339304804
1 5 -0.3601741568389453
1 6 -0.7037111186948064
1 7 0.34977510034732995
1 8 0.8599692437703668
1 9 -1.2361126859912
